12 0.285 0.618061 0.0366667 0.0430023
25 0.267 0.447615 0.098 0.0320563
70 0.401667 0.815481 0.111333 0.0750586
12 0.184667 0.630962 0.044 0.0547303
0 0.414333 0.595778 0.046 0.0422205
12 0.266667 0.448397 0.0986667 0.03362
12 0.246333 0.620016 0.026 0.0406568
70 0.623 0.255668 0.03 0.0265833
70 0.176333 0.467553 0.062 0.0688037
70 0.414667 0.596169 0.0466667 0.0430023
12 0.216333 0.629007 0.0393333 0.0523847
70 0.706333 0.255278 0.0273333 0.0258014
70 0.591 0.254887 0.0246667 0.0234558
70 0.672 0.255668 0.032 0.028147
70 0.429667 0.827209 0.0633333 0.0641126
42 0.770667 0.69742 0.0586667 0.18921
70 0.182667 0.771697 0.0813333 0.0750586
70 0.378667 0.801016 0.0666667 0.0758405
42 0.833333 0.722439 0.0613333 0.197029
